-5.000000e+00 -5.000000e+00 0.000000e+00
5.000000e+00 -5.000000e+00 0.000000e+00
-5.000000e+00 5.000000e+00 0.000000e+00
-5.000000e+00 -5.000000e+00 0.000000e+00



5.000000e+00 5.000000e+00 0.000000e+00
5.000000e+00 -5.000000e+00 0.000000e+00
-5.000000e+00 5.000000e+00 0.000000e+00
5.000000e+00 5.000000e+00 0.000000e+00



2.000000e+00 0.000000e+00 1.000000e+00
3.000000e+00 0.000000e+00 1.000000e+00
2.500000e+00 8.660254e-01 1.000000e+00
2.000000e+00 0.000000e+00 1.000000e+00



3.000000e+00 0.000000e+00 1.000000e+00
2.500000e+00 8.660254e-01 1.000000e+00
2.500000e+00 2.886751e-01 1.816497e+00
3.000000e+00 0.000000e+00 1.000000e+00



2.500000e+00 8.660254e-01 1.000000e+00
2.500000e+00 2.886751e-01 1.816497e+00
2.000000e+00 0.000000e+00 1.000000e+00
2.500000e+00 8.660254e-01 1.000000e+00



2.500000e+00 2.886751e-01 1.816497e+00
2.000000e+00 0.000000e+00 1.000000e+00
3.000000e+00 0.000000e+00 1.000000e+00
2.500000e+00 2.886751e-01 1.816497e+00



-3.000000e+00 0.000000e+00 1.000000e+00
-2.000000e+00 0.000000e+00 1.000000e+00
-2.000000e+00 1.000000e+00 1.000000e+00
-3.000000e+00 0.000000e+00 1.000000e+00



-3.000000e+00 0.000000e+00 1.000000e+00
-2.000000e+00 1.000000e+00 1.000000e+00
-3.000000e+00 1.000000e+00 1.000000e+00
-3.000000e+00 0.000000e+00 1.000000e+00



-3.000000e+00 0.000000e+00 2.000000e+00
-2.000000e+00 0.000000e+00 2.000000e+00
-2.000000e+00 1.000000e+00 2.000000e+00
-3.000000e+00 0.000000e+00 2.000000e+00



-3.000000e+00 0.000000e+00 2.000000e+00
-3.000000e+00 1.000000e+00 2.000000e+00
-2.000000e+00 1.000000e+00 2.000000e+00
-3.000000e+00 0.000000e+00 2.000000e+00



-3.000000e+00 0.000000e+00 1.000000e+00
-2.000000e+00 0.000000e+00 2.000000e+00
-2.000000e+00 0.000000e+00 1.000000e+00
-3.000000e+00 0.000000e+00 1.000000e+00



-3.000000e+00 0.000000e+00 1.000000e+00
-2.000000e+00 0.000000e+00 2.000000e+00
-3.000000e+00 0.000000e+00 2.000000e+00
-3.000000e+00 0.000000e+00 1.000000e+00



-3.000000e+00 1.000000e+00 1.000000e+00
-3.000000e+00 1.000000e+00 2.000000e+00
-2.000000e+00 1.000000e+00 2.000000e+00
-3.000000e+00 1.000000e+00 1.000000e+00



-3.000000e+00 1.000000e+00 1.000000e+00
-2.000000e+00 1.000000e+00 1.000000e+00
-2.000000e+00 1.000000e+00 2.000000e+00
-3.000000e+00 1.000000e+00 1.000000e+00



-3.000000e+00 0.000000e+00 1.000000e+00
-3.000000e+00 1.000000e+00 1.000000e+00
-3.000000e+00 1.000000e+00 2.000000e+00
-3.000000e+00 0.000000e+00 1.000000e+00



-3.000000e+00 0.000000e+00 1.000000e+00
-3.000000e+00 0.000000e+00 2.000000e+00
-3.000000e+00 1.000000e+00 2.000000e+00
-3.000000e+00 0.000000e+00 1.000000e+00



-2.000000e+00 0.000000e+00 1.000000e+00
-2.000000e+00 0.000000e+00 2.000000e+00
-2.000000e+00 1.000000e+00 2.000000e+00
-2.000000e+00 0.000000e+00 1.000000e+00



-2.000000e+00 0.000000e+00 1.000000e+00
-2.000000e+00 1.000000e+00 1.000000e+00
-2.000000e+00 1.000000e+00 2.000000e+00
-2.000000e+00 0.000000e+00 1.000000e+00



0.000000e+00 5.000000e-01 2.618034e+00
0.000000e+00 -5.000000e-01 2.618034e+00
8.090170e-01 0.000000e+00 2.309017e+00
0.000000e+00 5.000000e-01 2.618034e+00



0.000000e+00 5.000000e-01 2.618034e+00
8.090170e-01 0.000000e+00 2.309017e+00
5.000000e-01 8.090170e-01 1.809017e+00
0.000000e+00 5.000000e-01 2.618034e+00



0.000000e+00 5.000000e-01 2.618034e+00
5.000000e-01 8.090170e-01 1.809017e+00
-5.000000e-01 8.090170e-01 1.809017e+00
0.000000e+00 5.000000e-01 2.618034e+00



0.000000e+00 5.000000e-01 2.618034e+00
-5.000000e-01 8.090170e-01 1.809017e+00
-8.090170e-01 0.000000e+00 2.309017e+00
0.000000e+00 5.000000e-01 2.618034e+00



0.000000e+00 5.000000e-01 2.618034e+00
-8.090170e-01 0.000000e+00 2.309017e+00
0.000000e+00 -5.000000e-01 2.618034e+00
0.000000e+00 5.000000e-01 2.618034e+00



0.000000e+00 5.000000e-01 1.000000e+00
0.000000e+00 -5.000000e-01 1.000000e+00
-8.090170e-01 0.000000e+00 1.309017e+00
0.000000e+00 5.000000e-01 1.000000e+00



0.000000e+00 5.000000e-01 1.000000e+00
-8.090170e-01 0.000000e+00 1.309017e+00
-5.000000e-01 8.090170e-01 1.809017e+00
0.000000e+00 5.000000e-01 1.000000e+00



0.000000e+00 5.000000e-01 1.000000e+00
-5.000000e-01 8.